100 2.88
200 3.22
300 2.9466666666666668
400 3.16
500 3.16
600 3.1533333333333333
700 3.257142857142857
800 3.095
900 3.1777777777777776
1000 3.068
1100 3.1345454545454547
1200 3.0366666666666666
1300 3.1046153846153848
1400 3.1742857142857144
1500 3.1413333333333333
1600 3.13
1700 3.124705882352941
1800 3.0644444444444443
1900 3.168421052631579
2000 3.154
2100 3.1352380952380954
2200 3.1145454545454547
2300 3.179130434782609
2400 3.151666666666667
2500 3.0896
2600 3.1123076923076924
2700 3.151111111111111
2800 3.0614285714285714
2900 3.1241379310344826
3000 3.1493333333333333
3100 3.1070967741935482
3200 3.115
3300 3.1321212121212123
3400 3.191764705882353
3500 3.137142857142857
3600 3.13
3700 3.19027027027027
3800 3.1378947368421053
3900 3.1364102564102563
4000 3.152
4100 3.1365853658536587
4200 3.142857142857143
4300 3.1730232558139533
4400 3.150909090909091
4500 3.175111111111111
4600 3.126086956521739
4700 3.1446808510638298
4800 3.1041666666666665
4900 3.106938775510204
5000 3.1336
5100 3.1882352941176473
5200 3.1592307692307693
5300 3.150943396226415
5400 3.1466666666666665
5500 3.1374545454545455
5600 3.177142857142857
5700 3.1698245614035088
5800 3.1220689655172413
5900 3.1376271186440676
6000 3.171333333333333
6100 3.1324590163934425
6200 3.129677419354839
6300 3.1066666666666665
6400 3.150625
6500 3.1243076923076925
6600 3.1321212121212123
6700 3.114626865671642
6800 3.144705882352941
6900 3.169855072463768
7000 3.157714285714286
7100 3.1633802816901406
7200 3.118888888888889
7300 3.157260273972603
7400 3.132972972972973
7500 3.159466666666667
7600 3.1057894736842107
7700 3.1314285714285712
7800 3.132820512820513
7900 3.141772151898734
8000 3.156
8100 3.132345679012346
8200 3.151707317073171
8300 3.1349397590361447
8400 3.1033333333333335
8500 3.156705882352941
8600 3.162325581395349
8700 3.130114942528736
8800 3.1404545454545456
8900 3.157303370786517
9000 3.120888888888889
9100 3.174945054945055
9200 3.1378260869565215
9300 3.1217204301075268
9400 3.1795744680851064
9500 3.143157894736842
9600 3.1433333333333335
9700 3.1356701030927834
9800 3.1383673469387756
9900 3.1595959595959595
10000 3.128
10100 3.146930693069307
10200 3.144705882352941
10300 3.1475728155339806
10400 3.131153846153846
10500 3.1043809523809522
10600 3.1022641509433964
10700 3.148785046728972
10800 3.1433333333333335
10900 3.1423853211009174
11000 3.125090909090909
11100 3.156756756756757
11200 3.137142857142857
11300 3.1384070796460177
11400 3.148421052631579
11500 3.112695652173913
11600 3.147586206896552
11700 3.1435897435897435
11800 3.1610169491525424
11900 3.1539495798319326
12000 3.161
12100 3.1623140495867768
12200 3.1173770491803277
12300 3.1245528455284552
12400 3.14
12500 3.13312
12600 3.153650793650794
12700 3.133228346456693
12800 3.1240625
12900 3.128062015503876
13000 3.132923076923077
13100 3.1563358778625954
13200 3.112727272727273
13300 3.124511278195489
13400 3.1182089552238805
13500 3.1537777777777776
13600 3.1273529411764707
13700 3.1418978102189783
13800 3.152463768115942
13900 3.1525179856115106
14000 3.148285714285714
14100 3.1384397163120568
14200 3.143380281690141
14300 3.1675524475524477
14400 3.1533333333333333
14500 3.1387586206896554
14600 3.1336986301369865
14700 3.1355102040816325
14800 3.154054054054054
14900 3.1868456375838927
15000 3.1562666666666668
15100 3.144635761589404
15200 3.1626315789473685
15300 3.1466666666666665
15400 3.153246753246753
15500 3.1566451612903226
15600 3.144615384615385
15700 3.1518471337579617
15800 3.1559493670886076
15900 3.1464150943396225
16000 3.1445
16100 3.1214906832298137
16200 3.1417283950617283
16300 3.154355828220859
16400 3.148048780487805
16500 3.1364848484848484
16600 3.1409638554216865
16700 3.129580838323353
16800 3.131190476190476
16900 3.1306508875739647
17000 3.1185882352941174
17100 3.1300584795321638
17200 3.1393023255813954
17300 3.1572254335260115
17400 3.146896551724138
17500 3.1481142857142856
17600 3.162272727272727
17700 3.1340112994350284
17800 3.141123595505618
17900 3.136536312849162
18000 3.129111111111111
18100 3.16
18200 3.1358241758241756
18300 3.1296174863387978
18400 3.1204347826086956
18500 3.1794594594594594
18600 3.166451612903226
18700 3.141390374331551
18800 3.148723404255319
18900 3.1392592592592594
19000 3.146315789473684
19100 3.147853403141361
19200 3.1485416666666666
19300 3.1369948186528496
19400 3.1371134020618556
19500 3.1353846153846154
19600 3.1314285714285712
19700 3.136243654822335
19800 3.130909090909091
19900 3.1310552763819097
20000 3.1398
20100 3.1508457711442786
20200 3.1475247524752477
20300 3.137142857142857
20400 3.1431372549019607
20500 3.1410731707317074
20600 3.139223300970874
20700 3.128309178743961
20800 3.1563461538461537
20900 3.1351196172248805
21000 3.1264761904761906
21100 3.138388625592417
21200 3.1264150943396225
21300 3.151361502347418
21400 3.1637383177570095
21500 3.1188837209302327
21600 3.149259259259259
21700 3.144700460829493
21800 3.13651376146789
21900 3.1406392694063925
22000 3.1427272727272726
22100 3.1395475113122173
22200 3.148108108108108
22300 3.15067264573991
22400 3.161964285714286
22500 3.1395555555555554
22600 3.1424778761061947
22700 3.1462555066079294
22800 3.1366666666666667
22900 3.1530131004366813
23000 3.1530434782608694
23100 3.1423376623376624
23200 3.157241379310345
23300 3.1490128755364806
23400 3.1456410256410257
23500 3.123404255319149
23600 3.141186440677966
23700 3.1471729957805907
23800 3.1581512605042015
23900 3.1419246861924686
24000 3.1456666666666666
24100 3.153195020746888
24200 3.147768595041322
24300 3.1405761316872427
24400 3.138360655737705
24500 3.1394285714285712
24600 3.1377235772357723
24700 3.1451012145748987
24800 3.1616129032258065
24900 3.147309236947791
25000 3.1512
25100 3.128764940239044
25200 3.136825396825397
25300 3.1475098814229248
25400 3.12992125984252
25500 3.13443137254902
25600 3.1253125
25700 3.13727626459144
25800 3.135813953488372
25900 3.136061776061776
26000 3.1433846153846154
26100 3.1417624521072796
26200 3.136030534351145
26300 3.1204562737642587
26400 3.1595454545454547
26500 3.131169811320755
26600 3.148421052631579
26700 3.16314606741573
26800 3.1413432835820894
26900 3.1299628252788105
27000 3.128
27100 3.145977859778598
27200 3.156764705882353
27300 3.1516483516483516
27400 3.1357664233576643
27500 3.1418181818181816
27600 3.1560869565217393
27700 3.1344404332129963
27800 3.1315107913669067
27900 3.156415770609319
28000 3.1414285714285715
28100 3.131672597864769
28200 3.1470921985815603
28300 3.1358303886925794
28400 3.1449295774647887
28500 3.138526315789474
28600 3.1353846153846154
28700 3.1372822299651566
28800 3.1143055555555557
28900 3.1547404844290656
29000 3.1391724137931036
29100 3.148041237113402
29200 3.1375342465753424
29300 3.137883959044369
29400 3.157278911564626
29500 3.143457627118644
29600 3.128108108108108
29700 3.141683501683502
29800 3.128187919463087
29900 3.148896321070234
30000 3.1361333333333334
30100 3.1550830564784054
30200 3.142516556291391
30300 3.1535313531353135
30400 3.1503947368421055
30500 3.1311475409836067
30600 3.151764705882353
30700 3.121954397394137
30800 3.158051948051948
30900 3.1464077669902912
31000 3.1392258064516128
31100 3.1363344051446944
31200 3.144102564102564
31300 3.1210223642172523
31400 3.143566878980892
31500 3.1373968253968254
31600 3.1554430379746834
31700 3.154447949526814
31800 3.1436477987421383
31900 3.1330407523510972
32000 3.13625
32100 3.13595015576324
32200 3.143975155279503
32300 3.1507120743034056
32400 3.1339506172839506
32500 3.132430769230769
32600 3.1549693251533744
32700 3.1448318042813455
32800 3.1396341463414634
32900 3.156838905775076
33000 3.1503030303030304
33100 3.144652567975831
33200 3.1591566265060242
33300 3.141141141141141
33400 3.1378443113772456
33500 3.1402985074626866
33600 3.1310714285714285
33700 3.1464688427299703
33800 3.149112426035503
33900 3.151976401179941
34000 3.1522352941176472
34100 3.1480351906158357
34200 3.145964912280702
34300 3.1422740524781343
34400 3.145
34500 3.1434202898550723
34600 3.1500578034682083
34700 3.1440922190201728
34800 3.143448275862069
34900 3.141432664756447
35000 3.1390857142857143
35100 3.1475783475783476
35200 3.135
35300 3.13371104815864
35400 3.1533333333333333
35500 3.1331830985915494
35600 3.1231460674157305
35700 3.1315406162464985
35800 3.1381005586592177
35900 3.14050139275766
36000 3.136888888888889
36100 3.1510249307479223
36200 3.156243093922652
36300 3.1453443526170797
36400 3.1365934065934065
36500 3.136876712328767
36600 3.1389071038251366
36700 3.1444141689373297
36800 3.1379347826086956
36900 3.1395121951219513
37000 3.144108108108108
37100 3.1507277628032346
37200 3.151505376344086
37300 3.146809651474531
37400 3.1450267379679144
37500 3.143466666666667
37600 3.1279787234042553
37700 3.1376127320954907
37800 3.1516402116402116
37900 3.1374142480211082
38000 3.136631578947368
38100 3.1334383202099736
38200 3.127434554973822
38300 3.1366057441253266
38400 3.135625
38500 3.1314285714285712
38600 3.138341968911917
38700 3.140671834625323
38800 3.140515463917526
38900 3.150951156812339
39000 3.128923076923077
39100 3.134936061381074
39200 3.128469387755102
39300 3.136997455470738
39400 3.158984771573604
39500 3.131746835443038
39600 3.13010101010101
39700 3.141662468513854
39800 3.154673366834171
39900 3.140952380952381
40000 3.1415
40100 3.1508229426433916
40200 3.1324378109452735
40300 3.1379652605459056
40400 3.144950495049505
40500 3.1454814814814815
40600 3.1424630541871923
40700 3.1506633906633907
40800 3.136862745098039
40900 3.139168704156479
41000 3.1522926829268294
41100 3.1359610705596106
41200 3.1363106796116504
41300 3.1373365617433415
41400 3.1418357487922703
41500 3.1299277108433734
41600 3.1445192307692307
41700 3.1396642685851317
41800 3.144976076555024
41900 3.141288782816229
42000 3.139809523809524
42100 3.1561995249406176
42200 3.150142180094787
42300 3.137304964539007
42400 3.1376415094339625
42500 3.1432470588235293
42600 3.1303286384976525
42700 3.142950819672131
42800 3.1334579439252335
42900 3.129137529137529
43000 3.1466976744186046
43100 3.1351276102088166
43200 3.1531481481481483
43300 3.14189376443418
43400 3.1449769585253455
43500 3.146022988505747
43600 3.136697247706422
43700 3.1269565217391304
43800 3.1390867579908677
43900 3.144510250569476
44000 3.1294545454545455
44100 3.1297959183673467
44200 3.1399095022624435
44300 3.1412189616252824
44400 3.1335135135135137
44500 3.1482247191011234
44600 3.143946188340807
44700 3.1292170022371364
44800 3.135535714285714
44900 3.1429844097995545
45000 3.139288888888889
45100 3.150509977827051
45200 3.14283185840708
45300 3.150286975717439
45400 3.1518061674008813
45500 3.146021978021978
45600 3.124824561403509
45700 3.1490590809628007
45800 3.136943231441048
45900 3.134466230936819
46000 3.1595652173913042
46100 3.151409978308026
46200 3.157056277056277
46300 3.133390928725702
46400 3.1560344827586206
46500 3.1435698924731184
46600 3.1492703862660942
46700 3.1401284796573874
46800 3.1533333333333333
46900 3.1362899786780383
47000 3.136085106382979
47100 3.1330785562632695
47200 3.135423728813559
47300 3.153319238900634
47400 3.1623628691983123
47500 3.1333894736842107
47600 3.1278151260504203
47700 3.1355136268343817
47800 3.135313807531381
47900 3.1272651356993735
48000 3.1471666666666667
48100 3.1473596673596673
48200 3.1568464730290455
48300 3.1365631469979296
48400 3.1472727272727274
48500 3.1334432989690724
48600 3.151028806584362
48700 3.129034907597536
48800 3.1318032786885244
48900 3.1312065439672803
49000 3.1445714285714286
49100 3.145498981670061
49200 3.1434146341463416
49300 3.141419878296146
49400 3.1329554655870444
49500 3.1529696969696968
49600 3.1385483870967743
49700 3.139718309859155
49800 3.1406425702811247
49900 3.1329058116232464
50000 3.13736
50100 3.1410778443113774
50200 3.1385657370517928
50300 3.1335188866799206
50400 3.1484920634920637
50500 3.146059405940594
50600 3.14403162055336
50700 3.1463510848126233
50800 3.135984251968504
50900 3.141768172888016
51000 3.136941176470588
51100 3.152328767123288
51200 3.1434375
51300 3.149785575048733
51400 3.1547081712062255
51500 3.149126213592233
51600 3.1389922480620154
51700 3.132611218568665
51800 3.132895752895753
51900 3.1384971098265897
52000 3.153076923076923
52100 3.145182341650672
52200 3.1476628352490423
52300 3.1424091778202676
52400 3.142595419847328
52500 3.1276952380952383
52600 3.147148288973384
52700 3.141935483870968
52800 3.1340909090909093
52900 3.1420037807183365
53000 3.1392452830188677
53100 3.1532956685499056
53200 3.160375939849624
53300 3.140863039399625
53400 3.144494382022472
53500 3.13585046728972
53600 3.1376119402985077
53700 3.133854748603352
53800 3.1499628252788106
53900 3.137513914656772
54000 3.144222222222222
54100 3.1464695009242143
54200 3.1360147601476016
54300 3.1477716390423574
54400 3.139191176470588
54500 3.1457614678899084
54600 3.132967032967033
54700 3.144716636197441
54800 3.156715328467153
54900 3.1324590163934425
55000 3.1413818181818183
55100 3.1473684210526316
55200 3.14731884057971
55300 3.1353345388788427
55400 3.1369675090252707
55500 3.1464504504504505
55600 3.1339568345323743
55700 3.150233393177738
55800 3.1334767025089607
55900 3.1451162790697675
56000 3.138571428571429
56100 3.136399286987522
56200 3.134590747330961
56300 3.1487744227353462
56400 3.1429787234042554
56500 3.135079646017699
56600 3.1409893992932862
56700 3.1422222222222222
56800 3.1332394366197183
56900 3.1405272407732863
57000 3.1390175438596493
57100 3.148371278458844
57200 3.129230769230769
57300 3.1435951134380455
57400 3.1402787456445993
57500 3.1401739130434785
57600 3.1481944444444445
57700 3.1493934142114384
57800 3.1305190311418687
57900 3.1322279792746115
58000 3.1382758620689657
58100 3.140447504302926
58200 3.1386941580756016
58300 3.1440137221269295
58400 3.1204109589041096
58500 3.1407179487179486
58600 3.1376109215017065
58700 3.142623509369676
58800 3.1360544217687076
58900 3.1352801358234297
59000 3.138169491525424
59100 3.1311675126903555
59200 3.135743243243243
59300 3.1352445193929173
59400 3.1462626262626263
59500 3.13963025210084
59600 3.153422818791946
59700 3.14391959798995
59800 3.131973244147157
59900 3.1607345575959935
60000 3.1394
60100 3.1432279534109817
60200 3.1500996677740862
60300 3.139369817578773
60400 3.1374172185430464
60500 3.1398347107438016
60600 3.134917491749175
60700 3.1441186161449752
60800 3.1535526315789473
60900 3.1366830870279148
61000 3.141639344262295
61100 3.1457937806873977
61200 3.1337908496732028
61300 3.1377487765089724
61400 3.147687296416938
61500 3.134373983739837
61600 3.146103896103896
61700 3.140162074554295
61800 3.138122977346278
61900 3.151340872374798
62000 3.146193548387097
62100 3.1431884057971016
62200 3.142893890675241
62300 3.1390048154093098
62400 3.131602564102564
62500 3.139456
62600 3.1442811501597445
62700 3.1418819776714515
62800 3.1312738853503186
62900 3.1381240063593006
63000 3.1422222222222222
63100 3.1330586370839937
63200 3.1382911392405064
63300 3.154565560821485
63400 3.137287066246057
63500 3.1433070866141732
63600 3.1359119496855348
63700 3.129419152276295
63800 3.146144200626959
63900 3.1485446009389673
64000 3.147
64100 3.151638065522621
64200 3.1452959501557634
64300 3.147433903576983
64400 3.1490683229813663
64500 3.1472248062015504
64600 3.1479876160990714
64700 3.1360741885625965
64800 3.145
64900 3.1501386748844378
65000 3.148615384615385
65100 3.13136712749616
65200 3.1416564417177915
65300 3.1465237366003063
65400 3.143730886850153
65500 3.139847328244275
65600 3.145670731707317
65700 3.1361948249619482
65800 3.1351367781155015
65900 3.1414264036418817
66000 3.1493333333333333
66100 3.146323751891074
66200 3.139214501510574
66300 3.1374358974358976
66400 3.1552409638554217
66500 3.149112781954887
66600 3.140900900900901
66700 3.134752623688156
66800 3.147185628742515
66900 3.14152466367713
67000 3.1431044776119403
67100 3.1366915052160955
67200 3.1376785714285713
67300 3.1431203566121844
67400 3.13080118694362
67500 3.130251851851852
67600 3.1427810650887573
67700 3.1393796159527327
67800 3.1351622418879055
67900 3.1403240058910162
68000 3.147470588235294
68100 3.1298678414096917
68200 3.144457478005865
68300 3.1450658857979503
68400 3.138830409356725
68500 3.1375182481751827
68600 3.142215743440233
68700 3.1275109170305675
68800 3.147093023255814
68900 3.1490275761973874
69000 3.1415072463768117
69100 3.141070911722142
69200 3.140578034682081
69300 3.1452813852813852
69400 3.155043227665706
69500 3.1407194244604315
69600 3.156206896551724
69700 3.1294117647058823
69800 3.1350716332378226
69900 3.1363662374821173
70000 3.1364
70100 3.1404279600570613
70200 3.14005698005698
70300 3.1480512091038406
70400 3.144715909090909
70500 3.139631205673759
70600 3.1377903682719546
70700 3.1413861386138615
70800 3.142598870056497
70900 3.1541889985895626
71000 3.1423098591549294
71100 3.1435724331926864
71200 3.1458426966292135
71300 3.1437307152875174
71400 3.1394957983193277
71500 3.1352727272727274
71600 3.148435754189944
71700 3.1380195258019525
71800 3.1370473537604457
71900 3.148372739916551
72000 3.1382777777777777
72100 3.141914008321775
72200 3.147257617728532
72300 3.1386998616874138
72400 3.144696132596685
72500 3.1373793103448278
72600 3.1429201101928377
72700 3.126217331499312
72800 3.1410439560439563
72900 3.131851851851852
73000 3.1326027397260274
73100 3.1459917920656633
73200 3.141092896174863
73300 3.1441746248294677
73400 3.133732970027248
73500 3.1378503401360542
73600 3.1428804347826085
73700 3.1351424694708276
73800 3.1421138211382114
73900 3.1418132611637346
74000 3.1456756756756756
74100 3.148825910931174
74200 3.1340161725067386
74300 3.1404037685060566
74400 3.137311827956989
74500 3.1448590604026845
74600 3.1402680965147454
74700 3.1375635876840695
74800 3.141871657754011
74900 3.1464352469959946
75000 3.1459733333333335
75100 3.156964047936085
75200 3.1463297872340426
75300 3.1448605577689244
75400 3.146684350132626
75500 3.143894039735099
75600 3.144867724867725
75700 3.1362747688243067
75800 3.140791556728232
75900 3.143451910408432
76000 3.1423684210526317
76100 3.1451773981603153
76200 3.1451968503937007
76300 3.148414154652687
76400 3.1339267015706804
76500 3.1390849673202617
76600 3.1451697127937335
76700 3.1398696219035203
76800 3.1352083333333334
76900 3.135084525357607
77000 3.1427012987012986
77100 3.1341634241245138
77200 3.1399481865284975
77300 3.1478913324708926
77400 3.1475452196382427
77500 3.1368774193548385
77600 3.1370103092783506
77700 3.1456885456885457
77800 3.131362467866324
77900 3.1354043645699616
78000 3.1416923076923076
78100 3.1386427656850193
78200 3.135294117647059
78300 3.1418135376756067
78400 3.141887755102041
78500 3.1470573248407643
78600 3.146412213740458
78700 3.14297331639136
78800 3.140304568527919
78900 3.1423574144486692
79000 3.143037974683544
79100 3.145031605562579
79200 3.1422222222222222
79300 3.149609079445145
79400 3.144080604534005
79500 3.141685534591195
79600 3.14321608040201
79700 3.145194479297365
79800 3.1471177944862156
79900 3.146683354192741
80000 3.1444
80100 3.1403245942571787
80200 3.134364089775561
80300 3.142017434620174
80400 3.138358208955224
80500 3.146385093167702
80600 3.1372208436724565
80700 3.1474101610904586
80800 3.145792079207921
80900 3.1335970333745364
81000 3.139604938271605
81100 3.1422934648582
81200 3.1326600985221673
81300 3.1400246002460026
81400 3.1452579852579854
81500 3.1415950920245397
81600 3.1445098039215686
81700 3.139779681762546
81800 3.1358435207823963
81900 3.146813186813187
82000 3.136829268292683
82100 3.1473812423873326
82200 3.139951338199513
82300 3.138371810449575
82400 3.135533980582524
82500 3.141721212121212
82600 3.1419854721549636
82700 3.137218863361548
82800 3.1305314009661838
82900 3.1491917973462003
83000 3.1380722891566264
83100 3.139494584837545
83200 3.1347596153846156
83300 3.142905162064826
83400 3.139856115107914
83500 3.142131736526946
83600 3.1439712918660287
83700 3.13973715651135
83800 3.1444868735083533
83900 3.138450536352801
84000 3.148142857142857
84100 3.140499405469679
84200 3.145938242280285
84300 3.143107947805457
84400 3.149336492890995
84500 3.1445207100591714
84600 3.141418439716312
84700 3.1379456906729635
84800 3.1437735849056603
84900 3.128904593639576
85000 3.1380235294117647
85100 3.140399529964747
85200 3.135962441314554
85300 3.1441500586166473
85400 3.140421545667447
85500 3.135345029239766
85600 3.132196261682243
85700 3.137269544924154
85800 3.149090909090909
85900 3.139557625145518
86000 3.142837209302326
86100 3.1427642276422763
86200 3.145011600928074
86300 3.1372885283893397
86400 3.1480092592592595
86500 3.1326242774566473
86600 3.1373210161662817
86700 3.150634371395617
86800 3.147741935483871
86900 3.139654775604143
87000 3.1382988505747127
87100 3.142870264064294
87200 3.137706422018349
87300 3.145292096219931
87400 3.142105263157895
87500 3.1343085714285714
87600 3.141369863013699
87700 3.147685290763968
87800 3.143917995444191
87900 3.147212741751991
88000 3.163590909090909
88100 3.145561861520999
88200 3.1443083900226756
88300 3.1437372593431485
88400 3.1515384615384616
88500 3.1453107344632767
88600 3.1460045146726863
88700 3.1477790304396844
88800 3.1434234234234233
88900 3.142092238470191
89000 3.1470112359550564
89100 3.1306846240179573
89200 3.1453811659192823
89300 3.1308398656215006
89400 3.1548098434004475
89500 3.145072625698324
89600 3.1488839285714287
89700 3.1463991081382385
89800 3.1581291759465477
89900 3.1349054505005562
90000 3.1489333333333334
90100 3.1507658157602663
90200 3.1502439024390245
90300 3.143167220376523
90400 3.1409734513274334
90500 3.145281767955801
90600 3.1367328918322297
90700 3.136758544652701
90800 3.1287224669603524
90900 3.137337733773377
91000 3.1369230769230767
91100 3.1440175631174534
91200 3.152938596491228
91300 3.1404162102957285
91400 3.1459080962800874
91500 3.142426229508197
91600 3.142401746724891
91700 3.1383642311886586
91800 3.1278867102396513
91900 3.134624591947769
92000 3.143913043478261
92100 3.1375461454940283
92200 3.144295010845987
92300 3.154279523293608
92400 3.1373593073593073
92500 3.1334054054054055
92600 3.1439308855291577
92700 3.1373031283710895
92800 3.1422844827586207
92900 3.1392034445640475
93000 3.147010752688172
93100 3.145392051557465
93200 3.139656652360515
93300 3.1438370846730974
93400 3.1339614561027838
93500 3.14027807486631
93600 3.138931623931624
93700 3.1413447171824975
93800 3.1438805970149253
93900 3.1401064962726304
94000 3.1377021276595745
94100 3.1411689691817215
94200 3.1380042462845013
94300 3.1457476139978793
94400 3.141186440677966
94500 3.1546666666666665
94600 3.1417336152219875
94700 3.1537486800422387
94800 3.150970464135021
94900 3.135890410958904
95000 3.136421052631579
95100 3.1420820189274448
95200 3.137731092436975
95300 3.1435466946484785
95400 3.1445702306079664
95500 3.1317696335078535
95600 3.145899581589958
95700 3.145914315569488
95800 3.138455114822547
95900 3.1368925964546404
96000 3.1355
96100 3.1464724245577522
96200 3.1401663201663204
96300 3.140436137071651
96400 3.1487551867219916
96500 3.136082901554404
96600 3.1319254658385094
96700 3.1434126163391936
96800 3.1459917355371902
96900 3.1428689370485037
97000 3.1388453608247424
97100 3.1396498455200823
97200 3.1373251028806584
97300 3.1414182939362796
97400 3.1429979466119096
97500 3.140471794871795
97600 3.1508196721311474
97700 3.1402661207778917
97800 3.1391002044989773
97900 3.1349540347293154
98000 3.1374285714285715
98100 3.1407543323139655
98200 3.145254582484725
98300 3.150030518819939
98400 3.136422764227642
98500 3.146192893401015
98600 3.1430020283975657
98700 3.14354609929078
98800 3.135748987854251
98900 3.1490798786653187
99000 3.13410101010101
99100 3.146074672048436
99200 3.1376612903225807
99300 3.1385297079556898
99400 3.150060362173038
99500 3.142673366834171
99600 3.1345381526104417
99700 3.1360080240722166
99800 3.134949899799599
99900 3.1472272272272273
100000 3.15096
